1 850.227293 2.645493 2.842312 100.109528 
2 31.159044 1.413672 6.597590 94.532131 
3 452.699506 2.530075 2.846530 83.458538 
4 304.658464 2.516197 3.005162 73.246266 
5 57.567203 1.794108 4.873379 109.885929 
6 49.382336 1.658305 5.200832 85.254699 
7 596.335814 2.529261 2.782173 92.333597 
8 52.579341 1.653273 4.944864 96.931670 
9 40.964944 1.559495 6.011733 92.435970 
10 77.802532 1.958208 4.047929 82.252738 
11 74.733839 1.940882 3.820546 86.622854 
12 487.952595 2.471130 2.758863 90.051101 
13 1030.713674 2.559453 2.704720 106.089585 
14 2235.090222 2.671176 2.739408 82.691843 
15 150.299598 2.328918 3.330757 99.146685 
16 42.721953 1.619829 5.465609 94.386231 
17 140.283260 2.409116 3.553893 88.961400 
18 66.508895 1.746291 4.221664 80.730273 
19 54.958594 1.734430 4.848576 88.458590 
20 317.680573 2.533001 3.031501 90.433097 
21 36.669681 1.434465 6.583440 76.606049 
22 89.324578 2.101361 3.793166 93.221822 
23 42.924886 1.611476 5.942432 83.077067 
24 46.184811 1.607978 5.215682 90.357594 
25 97.548805 2.093287 3.611510 94.662133 
26 41.475868 1.539014 5.740601 82.253459 
27 80.901342 1.984007 4.018695 88.417436 
28 66.211240 1.958231 4.721844 94.800628 
29 222.237072 2.443638 3.123603 72.941409 
30 624.681695 2.450242 2.677947 101.659759 
31 68.431480 1.926445 4.898501 115.544611 
32 340.709445 2.569852 3.016726 100.894005 
33 69.773570 1.910511 4.310602 88.142280 
34 40.726408 1.558762 6.380230 95.586227 
35 1120.157464 2.766490 2.921357 80.940152 
36 477.775412 2.628542 2.945719 110.078655 
37 92.371752 2.118770 3.764480 100.707044 
38 39.111269 1.502754 5.767112 99.173458 
39 792.808619 2.664190 2.855672 82.541257 
40 47.907436 1.667739 5.493309 94.499491 
41 595.187532 2.495712 2.742460 85.717057 
42 32.971107 1.385617 6.787339 88.185706 
43 398.552461 2.495284 2.873693 85.599901 
44 498.434656 2.533427 2.821640 81.042664 
45 447.590519 2.441135 2.755565 82.212544 
46 549.801990 2.526516 2.806444 89.201027 
47 79.879072 2.092737 4.095618 74.311359 
48 315.234046 2.746849 3.273546 97.376006 
49 99.077362 2.089264 3.741690 90.122017 
50 83.543938 1.976529 3.971741 98.291603 
