1 56.574488 1.715653 4.538428 75.432273 
2 128.184034 2.272825 3.540694 63.302325 
3 423.283957 2.497730 2.871109 83.092218 
4 1240.155804 2.672496 2.802481 76.670619 
5 68.406200 1.917913 4.404223 74.951749 
6 532.971733 2.437755 2.694733 78.752463 
7 44.783458 1.638514 6.890096 76.214063 
8 536.216468 2.442937 2.706670 64.185142 
9 432.036335 2.412370 2.728543 71.976623 
10 272.571067 2.399383 2.939652 72.139454 
11 92.436965 2.041067 3.744269 68.279886 
12 208.327562 2.453047 3.164108 90.421036 
13 119.035632 2.149105 3.363998 64.842707 
14 1180.138762 2.675976 2.811090 68.761849 
15 69.753025 1.992693 4.485610 66.479955 
16 480.929642 2.542852 2.837309 61.857877 
17 69.028270 1.824099 3.985166 71.677605 
18 190.839347 2.362239 3.152350 70.859298 
19 45.047880 1.637124 5.498419 88.900725 
20 133.736524 2.286198 3.530202 71.109753 
21 48.914697 1.719393 5.753589 62.957866 
22 441.918414 2.411528 2.732144 89.634573 
23 252.568900 2.321708 2.833789 85.946791 
24 443.008140 2.525293 2.843480 71.303735 
25 42.661752 1.613031 6.398594 58.538403 
26 504.041998 2.376652 2.635200 69.153722 
27 48.624013 1.694875 5.221655 72.040590 
28 44.162515 1.624890 5.970100 76.360683 
29 55.097490 1.747605 4.829148 70.988364 
30 70.712497 1.853952 4.264336 78.034219 
31 68.598899 2.050261 5.139806 77.518942 
32 975.120936 2.648659 2.810751 61.093211 
33 58.757693 1.853635 4.904203 64.120391 
34 58.490365 1.795559 4.795922 66.188939 
35 98.755735 2.108090 3.592200 68.521824 
36 86.151881 2.069265 3.891926 70.394245 
37 75.430380 2.070126 4.676963 73.724690 
38 440.210238 2.501431 2.861083 43.308227 
39 42.050482 1.489921 5.616860 69.029854 
40 44.228565 1.513937 5.137530 86.024484 
41 116.659283 2.370291 3.932925 62.932986 
42 69.825322 1.975791 4.611046 82.937282 
43 119.167815 2.152866 3.523656 77.103210 
44 1105.084992 2.744453 2.896197 73.309942 
45 845.283057 2.461796 2.629126 75.424522 
46 43.236283 1.685976 5.986503 57.949440 
47 59.961376 1.896333 5.140373 72.754605 
48 50.351453 1.741465 5.540890 89.639464 
49 92.211702 2.195077 4.006280 74.583478 
50 544.987605 2.684957 2.975324 74.013736 
