1 102.720240 2.099610 3.544936 84.700601 
2 105.269518 2.210243 3.923788 79.299721 
3 615.827932 2.565538 2.799903 79.152289 
4 271.583280 2.442525 3.039167 71.518364 
5 588.722827 2.594376 2.861680 89.686853 
6 65.522318 1.856936 4.036354 78.167825 
7 57.094997 1.830718 4.892473 72.354698 
8 51.891816 1.715903 5.038190 93.013858 
9 42.030487 1.467708 6.132129 77.252289 
10 83.926453 2.118801 4.049263 73.609710 
11 45.616377 1.605317 5.312415 76.562464 
12 49.819964 1.749434 5.762475 71.020738 
13 490.003986 2.660851 2.982226 68.298717 
14 54.804696 1.757706 4.980025 104.759997 
15 385.815125 2.556330 2.946288 96.054976 
16 58.512913 1.804993 4.749968 82.575352 
17 52.521030 1.740413 4.763645 66.928816 
18 211.109518 2.492799 3.218583 70.845320 
19 134.517127 2.232802 3.419850 77.734659 
20 2260.079131 2.820842 2.896086 87.414161 
21 494.231527 2.365148 2.621822 66.179956 
22 45.390438 1.686564 5.430528 56.201328 
23 1012.026525 2.709391 2.880914 65.009027 
24 116.588923 2.195460 3.437137 82.835108 
25 27.361320 1.261885 9.172646 83.413536 
26 568.853209 2.640246 2.928528 84.016794 
27 40.077362 1.506447 5.248554 78.197153 
28 64.984196 1.789071 4.020855 81.336891 
29 71.976992 1.938109 4.167434 74.738470 
30 428.961112 2.637391 2.985857 88.120216 
31 632.641944 2.592990 2.823368 65.883055 
32 85.822430 2.142890 3.904545 84.050296 
33 75.306457 1.841894 3.892972 71.012906 
34 64.957785 1.840661 4.270533 76.151131 
35 85.467619 2.085777 4.020784 85.027833 
36 66.146874 1.906290 4.151977 89.890907 
37 33.473613 1.441772 7.104597 68.323613 
38 49.415656 1.675650 4.974311 92.106587 
39 51.251236 1.746308 4.444896 86.101431 
40 715.060749 2.618696 2.832186 78.821344 
41 98.369844 2.035412 3.604363 77.547788 
42 1155.142095 2.595752 2.727735 77.323936 
43 450.905937 2.552654 2.881357 76.468924 
44 90.532572 1.987974 3.487928 79.730456 
45 97.490214 2.130122 3.795542 80.012904 
46 61.231228 1.842383 4.682293 87.760628 
47 68.457363 1.868534 4.087021 94.769767 
48 599.050109 2.671914 2.949935 84.169144 
49 290.273724 2.430221 2.887950 77.402867 
50 40.642131 1.518150 7.150783 85.751904 
