478.998091  111.471114 0.350000 1.383333 0
452.742112  106.545393 0.366667 1.450000 0
453.173883  106.790060 0.383333 1.516667 0
412.032385  96.789452 0.333333 1.466667 0
505.017864  116.824272 0.350000 1.416667 0
446.800847  105.038630 0.366667 1.466667 0
417.839314  100.340610 0.350000 1.450000 0
523.104906  121.195581 0.383333 1.466667 0
441.492373  104.427628 0.333333 1.400000 0
422.513454  98.571026 0.350000 1.466667 0
439.557505  104.006643 0.350000 1.500000 0
411.199159  99.224202 0.283333 1.466667 0
397.032896  93.545887 0.366667 1.583333 0
581.541702  132.396566 0.383333 1.400000 1
536.855099  123.769936 0.350000 1.366667 0
468.398466  110.004928 0.350000 1.383333 0
391.152076  94.146846 0.383333 1.550000 0
410.943317  98.305957 0.350000 1.533333 0
443.512333  103.648104 0.350000 1.416667 0
493.353582  114.805600 0.366667 1.400000 0
388.717401  94.491343 0.350000 1.600000 0
335.940060  82.836747 0.300000 1.566667 0
380.327671  89.333923 0.316667 1.650000 0
470.857889  110.842015 0.366667 1.433333 0
473.629022  110.554526 0.300000 1.466667 0
476.034144  110.397687 0.350000 1.433333 0
447.086061  105.833985 0.350000 1.433333 0
462.976090  107.747157 0.366667 1.483333 0
430.205135  101.290439 0.316667 1.550000 0
496.621145  114.441196 0.333333 1.416667 0
385.936020  93.771438 0.366667 1.533333 0
476.631868  110.429222 0.316667 1.466667 0
411.238695  99.171397 0.350000 1.450000 0
436.287902  103.141797 0.333333 1.433333 0
480.826858  111.049431 0.366667 1.433333 0
508.608127  120.575608 0.366667 1.433333 0
397.498807  96.069914 0.333333 1.483333 0
515.771789  120.147083 0.316667 1.283333 0
485.666202  112.286244 0.283333 1.383333 0
450.194747  104.565488 0.333333 1.516667 0
446.356040  107.415693 0.366667 1.500000 0
442.824980  104.907230 0.333333 1.450000 0
439.784670  105.978423 0.316667 1.466667 0
455.448517  108.210191 0.366667 1.433333 0
456.520255  109.271304 0.333333 1.383333 0
494.344269  115.851371 0.350000 1.316667 0
529.383158  121.329980 0.366667 1.350000 0
478.428837  113.043860 0.333333 1.450000 0
444.952208  106.300620 0.366667 1.500000 0
486.183305  113.192139 0.383333 1.483333 0
