1 83.500401 2.001225 4.031495 124.203755 
2 103.037411 2.113561 3.738394 106.919679 
3 259.337835 2.585377 3.194637 116.800928 
4 58.485001 1.757334 4.526507 110.354711 
5 70.138167 1.906759 3.987474 118.835208 
6 104.259973 2.257175 3.868159 109.796734 
7 247.174709 2.450347 3.014695 120.699653 
8 465.730885 2.499284 2.826065 123.193631 
9 69.517454 1.883679 4.062308 132.918878 
10 45.156672 1.724836 6.138471 113.858765 
11 26.492067 1.255922 10.836645 94.416447 
12 964.842558 2.521880 2.681489 107.404113 
13 600.173065 2.682270 2.955693 129.345943 
14 87.409164 2.081123 3.855764 105.078447 
15 91.905608 2.106527 4.267197 125.409539 
16 45.099107 1.722998 6.077574 117.040498 
17 120.101627 2.151759 3.357928 130.166966 
18 128.787070 2.287558 3.477545 96.191000 
19 54.773880 1.737420 4.621258 113.823018 
20 147.073358 2.195842 3.272097 103.721545 
21 89.371192 1.997334 3.490380 144.880080 
22 171.655479 2.381685 3.327871 124.052189 
23 575.277016 2.583544 2.834656 129.589720 
24 94.393146 2.104162 3.647174 105.218197 
25 81.603838 2.003756 3.974728 111.113844 
26 49.560510 1.744038 5.353891 113.075306 
27 1000.093122 2.703231 2.864543 126.784246 
28 1250.071679 2.706123 2.831099 113.021281 
29 117.994081 2.164711 3.533234 122.815415 
30 57.211589 1.826159 5.100737 95.281837 
31 52.381931 1.655521 4.903567 112.261500 
32 63.146319 1.981513 4.855085 107.564135 
33 82.289289 2.015586 3.709442 100.029430 
34 72.810096 1.898971 4.017583 120.879747 
35 47.823399 1.726679 5.497639 118.619841 
36 47.727662 1.607375 5.244925 116.134799 
37 54.966283 1.794568 5.307289 102.463221 
38 630.845380 2.585762 2.825031 127.074923 
39 78.368715 2.018256 3.785541 119.301794 
40 133.866400 2.152973 3.240952 112.809340 
41 34.493054 1.419344 7.222496 116.028898 
42 535.121422 2.467833 2.727021 113.180046 
43 46.181872 1.551757 5.129103 98.297876 
44 48.269692 1.653543 5.553983 112.943490 
45 50.976145 1.727966 4.736013 107.486335 
46 464.933860 2.592075 2.912085 106.007937 
47 36.930766 1.511162 6.466922 104.235983 
48 935.175494 2.625174 2.788718 110.464429 
49 611.509689 2.645453 2.922290 95.773643 
50 660.100040 2.644814 2.889083 125.442294 
