1 96.383155 2.211209 4.010358 82.783369 
2 82.653403 1.938149 3.800645 77.044927 
3 45.662417 1.662693 5.812453 96.341548 
4 57.836867 1.799094 4.493358 68.649334 
5 462.187920 2.559173 2.872370 65.776508 
6 50.240829 1.642103 4.731222 85.253047 
7 64.352573 1.852539 4.530374 95.129304 
8 1775.044985 2.747012 2.835674 75.171769 
9 43.684298 1.575756 4.409502 70.543636 
10 94.343334 2.084355 3.909620 81.706686 
11 474.563311 2.595007 2.912799 66.835533 
12 86.990145 1.995179 3.725446 83.373443 
13 460.735885 2.585105 2.907507 91.483873 
14 46.378675 1.661459 5.698473 85.377383 
15 436.672504 2.518066 2.875914 64.107551 
16 31.974712 1.354044 6.515187 77.831782 
17 55.355434 1.786592 4.623518 80.179677 
18 43.851394 1.522726 5.123485 101.335821 
19 135.311796 2.217660 3.326998 92.348518 
20 149.084796 2.232745 3.299027 82.629193 
21 51.205849 1.738297 5.011417 96.293621 
22 83.210591 2.053135 3.708139 72.752642 
23 196.972785 2.309331 3.073104 79.717332 
24 87.305643 2.040188 3.855816 97.325612 
25 52.640579 1.774668 4.765544 98.223829 
26 47.164322 1.574575 4.963881 90.503760 
27 454.626498 2.773776 3.143732 88.107523 
28 69.748867 1.923054 4.450490 77.338739 
29 49.381990 1.598105 4.763021 90.648997 
30 147.921601 2.442335 3.590468 74.918450 
31 45.500304 1.525945 5.632239 88.945207 
32 595.221319 2.554225 2.820311 86.018414 
33 690.044866 2.624821 2.863011 94.593063 
34 150.841186 2.215406 3.185101 78.941322 
35 108.824217 2.177540 3.572726 89.561399 
36 121.634669 2.209163 3.646500 91.131781 
37 142.166960 2.256082 3.357341 74.216229 
38 47.173177 1.600134 5.589662 84.762448 
39 49.262948 1.687398 5.619556 99.172539 
40 41.390264 1.533113 5.958799 84.324397 
41 52.751430 1.749139 5.066124 80.113751 
42 473.778819 2.419758 2.707061 87.766596 
43 74.216267 1.926039 3.950424 80.448992 
44 68.868584 1.906640 4.338041 87.631436 
45 600.575446 2.651525 2.903472 81.852349 
46 67.539286 1.954985 4.402128 83.016718 
47 797.942613 2.558430 2.748761 87.807894 
48 38.151633 1.435604 6.458943 96.823155 
49 57.095441 1.695468 4.575719 87.718746 
50 38.688339 1.479824 5.641461 99.683837 
