1 1110.051202 2.771889 2.918367 98.464750 
2 487.888281 2.455073 2.739029 98.928214 
3 645.151271 2.485183 2.707658 91.655410 
4 87.221107 2.050196 3.819087 97.060165 
5 62.224622 1.831794 4.664345 95.507260 
6 73.765043 1.965198 4.274388 82.982421 
7 218.299477 2.428717 3.087936 91.088930 
8 243.769002 2.586117 3.279629 83.808695 
9 153.227663 2.315179 3.316442 77.801315 
10 112.392522 2.115314 3.405653 93.147455 
11 506.151351 2.432385 2.705119 87.474536 
12 537.645527 2.539763 2.836219 84.928795 
13 69.665088 1.975490 4.597084 89.717275 
14 70.388047 2.042496 4.681784 96.676947 
15 257.675467 2.395407 2.996952 90.729346 
16 61.904066 1.759869 4.466577 88.745514 
17 78.225407 1.983533 4.035686 89.597850 
18 78.189239 1.941929 4.121643 87.312203 
19 793.439967 2.339357 2.492333 79.055338 
20 55.122569 1.795510 4.826325 94.667817 
21 33.429117 1.373229 7.448794 100.889070 
22 56.475415 1.815751 4.751390 81.459014 
23 55.533764 1.755575 4.681007 106.077584 
24 41.870003 1.599981 6.134609 85.037525 
25 201.913185 2.463748 3.208306 84.362496 
26 721.442496 2.459785 2.652665 77.823993 
27 1835.111108 2.809457 2.902299 78.876631 
28 207.955703 2.217442 2.853952 77.270253 
29 737.516441 2.594990 2.804547 90.339055 
30 46.641708 1.691522 5.559133 102.770263 
31 45.925619 1.611292 5.244554 92.074703 
32 281.826485 2.534888 3.104659 95.342023 
33 75.930060 1.930690 4.269330 100.218465 
34 40.066398 1.523929 5.961813 61.804666 
35 66.901441 2.033974 4.445860 85.124407 
36 36.744864 1.481483 6.437307 90.330153 
37 86.259092 2.115474 3.881735 93.972537 
38 43.461553 1.653650 5.816625 73.751484 
39 506.509930 2.480270 2.772177 76.741310 
40 47.947647 1.640406 4.752927 94.706835 
41 94.906547 2.110723 4.200039 85.634287 
42 62.605874 1.876098 4.383938 92.330899 
43 115.454153 2.139433 3.572520 77.193552 
44 1205.119651 2.781423 2.921250 70.461976 
45 110.468543 2.262824 3.799065 94.412003 
46 51.136630 1.683458 4.979104 98.733072 
47 616.193634 2.626525 2.887582 103.120572 
48 55.852365 1.645612 4.963322 71.478104 
49 67.043165 1.854055 4.387783 73.431476 
50 56.658778 1.824623 4.786635 72.061535 
