1 1210.125497 2.591653 2.714410 88.785123 
2 45.560376 1.617331 5.588960 70.922307 
3 470.166120 2.517857 2.844582 80.170333 
4 76.696878 1.929287 4.129152 67.430798 
5 48.912918 1.643030 5.172005 68.074981 
6 87.921906 2.103989 4.036935 76.600519 
7 57.437463 1.773320 4.749891 75.257568 
8 111.086595 2.176267 3.534180 58.497450 
9 105.499540 2.122097 3.675480 54.373070 
10 103.417579 2.202372 3.786088 58.721322 
11 59.809743 1.807798 4.448094 55.542267 
12 41.297920 1.554198 5.511583 70.295706 
13 35.235845 1.388946 7.051623 65.587491 
14 145.409045 2.352624 3.506275 66.019893 
15 56.955169 1.789966 4.433497 56.090369 
16 729.166784 2.440398 2.647085 77.495674 
17 63.951487 1.854782 4.425010 74.094111 
18 68.125608 1.958454 4.708343 68.803775 
19 94.245938 2.217207 4.098693 79.911801 
20 74.461917 1.953062 3.995935 60.960205 
21 114.777203 2.133672 3.513071 73.847003 
22 807.620661 2.519930 2.702080 73.184412 
23 44.463721 1.605535 5.710021 73.192544 
24 54.681623 1.745148 4.497490 62.407527 
25 65.178953 1.803300 4.243675 72.968402 
26 44.630621 1.637669 5.624676 64.551184 
27 46.266585 1.663014 5.089107 60.735538 
28 87.715630 2.013314 3.780971 57.667318 
29 478.621480 2.545963 2.890920 80.078156 
30 965.111944 2.736279 2.910350 61.240558 
31 115.119932 2.233272 3.649794 67.970862 
32 508.098770 2.434014 2.679027 57.613479 
33 47.034862 1.691703 5.742404 66.728732 
34 32.743297 1.331180 7.532051 37.379622 
35 39.335280 1.471352 5.711484 58.830408 
36 483.839501 2.437171 2.733575 55.435638 
37 95.961887 2.133840 4.023551 59.555492 
38 52.769862 1.753524 5.480082 67.567328 
39 45.918378 1.585000 5.194494 66.446522 
40 33.653758 1.421512 6.651356 89.143978 
41 34.069048 1.435997 6.825499 63.982268 
42 65.010055 1.848401 4.142856 67.199677 
43 107.659453 2.153402 3.512606 54.006845 
44 112.408434 2.243294 3.658473 64.926173 
45 133.766737 2.180544 3.211323 56.320233 
46 36.888393 1.454690 6.503448 70.002990 
47 1005.057953 2.698539 2.853984 78.230868 
48 828.091113 2.560681 2.729025 73.742535 
49 145.928210 2.314323 3.400043 62.693798 
50 620.890191 2.572601 2.807594 53.394571 
