1 49.026191 1.656944 5.682088 90.496486 
2 54.682125 1.725058 4.737199 92.742871 
3 110.666684 2.126537 3.556007 72.968790 
4 43.316989 1.566451 5.644128 77.597356 
5 632.061327 2.552612 2.792849 83.330050 
6 72.309357 1.848827 4.117485 88.896586 
7 71.028083 1.930856 4.441666 99.087365 
8 42.394752 1.524050 6.527392 84.900370 
9 43.833238 1.676039 5.978398 100.415507 
10 59.372679 1.678343 4.242270 92.554248 
11 267.461157 2.626429 3.270897 99.541168 
12 449.273238 2.574097 2.952648 89.069471 
13 37.266628 1.476115 5.583087 81.231841 
14 61.374963 1.850253 4.335169 72.986009 
15 29.392581 1.310161 7.528460 89.354890 
16 37.595496 1.451737 6.315649 95.985514 
17 1145.077322 2.747485 2.889099 84.874119 
18 62.391448 1.765759 4.062071 82.392136 
19 56.105476 1.809645 4.848445 84.713582 
20 524.952502 2.528610 2.806974 76.834067 
21 350.486663 2.584121 3.040840 82.869902 
22 86.000455 2.085181 4.197825 85.992606 
23 652.701540 2.482206 2.711344 88.258411 
24 105.828568 2.067411 3.475449 87.162169 
25 34.473158 1.388451 7.471144 93.913352 
26 58.782016 1.773746 3.997204 88.893177 
27 617.926291 2.748619 3.031611 105.940155 
28 72.646704 1.911516 4.288627 90.920238 
29 114.419734 2.162511 3.524189 105.844938 
30 229.417513 2.522617 3.286679 80.568785 
31 98.122850 2.078697 3.634461 93.065470 
32 34.410919 1.499547 6.565258 85.197491 
33 216.868556 2.462875 3.175397 93.801425 
34 264.547593 2.598051 3.263399 93.739308 
35 62.048801 1.796669 4.080546 65.939784 
36 544.852015 2.624515 2.938903 74.529569 
37 26.917945 1.247924 10.047289 73.389864 
38 785.105288 2.708311 2.918917 91.818445 
39 52.008434 1.797566 5.645576 102.502013 
40 65.472929 1.870550 4.422645 84.531858 
41 45.738722 1.670910 5.232799 95.923230 
42 51.062161 1.712415 4.904222 93.255401 
43 218.793682 2.398951 3.134761 77.283677 
44 140.551507 2.273117 3.335017 91.774670 
45 1339.847988 2.526546 2.627502 80.281053 
46 44.265121 1.682469 5.882331 102.962669 
47 55.190930 1.829513 5.375260 87.474335 
48 75.576644 1.960029 4.133975 104.159997 
49 31.544875 1.424735 9.631431 83.549415 
50 633.274487 2.593234 2.824773 93.694334 
