1 850.227293 2.645493 2.842312 88.794472 
2 31.159044 1.413672 6.597590 89.400983 
3 452.699506 2.530075 2.846530 80.970865 
4 304.658464 2.516197 3.005162 88.067081 
5 57.567203 1.794108 4.873379 98.965269 
6 49.382336 1.658305 5.200832 108.746732 
7 596.335814 2.529261 2.782173 79.694801 
8 52.579341 1.653273 4.944864 115.074119 
9 40.964944 1.559495 6.011733 106.560780 
10 77.802532 1.958208 4.047929 92.985075 
11 74.733839 1.940882 3.820546 88.287935 
12 487.952595 2.471130 2.758863 84.313457 
13 1030.713674 2.559453 2.704720 99.627706 
14 2235.090222 2.671176 2.739408 84.353947 
15 150.299598 2.328918 3.330757 86.681170 
16 42.721953 1.619829 5.465609 100.136171 
17 140.283260 2.409116 3.553893 95.659442 
18 66.508895 1.746291 4.221664 100.267474 
19 54.958594 1.734430 4.848576 96.347320 
20 317.680573 2.533001 3.031501 87.291029 
21 36.669681 1.434465 6.583440 86.161520 
22 89.324578 2.101361 3.793166 99.263676 
23 42.924886 1.611476 5.942432 84.588098 
24 46.184811 1.607978 5.215682 103.166590 
25 97.548805 2.093287 3.611510 99.207020 
26 41.475868 1.539014 5.740601 94.177215 
27 80.901342 1.984007 4.018695 91.332261 
28 66.211240 1.958231 4.721844 94.956172 
29 222.237072 2.443638 3.123603 126.566778 
30 624.681695 2.450242 2.677947 90.175633 
31 68.431480 1.926445 4.898501 75.734061 
32 340.709445 2.569852 3.016726 110.451023 
33 69.773570 1.910511 4.310602 97.398461 
34 40.726408 1.558762 6.380230 84.820884 
35 1120.157464 2.766490 2.921357 117.473349 
36 477.775412 2.628542 2.945719 96.809504 
37 92.371752 2.118770 3.764480 94.242037 
38 39.111269 1.502754 5.767112 83.521562 
39 792.808619 2.664190 2.855672 80.650699 
40 47.907436 1.667739 5.493309 73.615860 
41 595.187532 2.495712 2.742460 87.070805 
42 32.971107 1.385617 6.787339 80.768976 
43 398.552461 2.495284 2.873693 97.777552 
44 498.434656 2.533427 2.821640 88.123718 
45 447.590519 2.441135 2.755565 108.989916 
46 549.801990 2.526516 2.806444 106.405824 
47 79.879072 2.092737 4.095618 92.940103 
48 315.234046 2.746849 3.273546 88.472363 
49 99.077362 2.089264 3.741690 102.821658 
50 83.543938 1.976529 3.971741 79.834924 
