1 461.869325 2.428697 2.723668 95.472088 
2 81.365511 2.092514 4.036074 75.880411 
3 46.898838 1.663341 5.034284 86.278685 
4 42.098328 1.565432 5.727600 102.225113 
5 627.708616 2.396851 2.606937 95.551139 
6 297.982663 2.622362 3.180677 84.912680 
7 69.768277 1.879059 4.039716 89.836215 
8 40.800844 1.552145 6.115869 98.595177 
9 53.480516 1.701991 4.849745 86.169810 
10 49.588278 1.656323 5.436360 105.849502 
11 52.836502 1.733768 4.823293 89.692905 
12 53.764597 1.748722 5.240349 114.188626 
13 71.631878 1.881511 4.000554 85.301337 
14 1018.180810 2.624829 2.780652 98.091894 
15 465.923127 2.591453 2.953285 80.889734 
16 63.094379 1.742337 4.118144 88.863689 
17 59.619010 1.755556 4.129634 90.167497 
18 84.421088 2.115869 4.238222 100.113363 
19 1580.050924 2.723327 2.823052 105.521333 
20 74.494211 1.884632 3.764159 99.104860 
21 35.736065 1.453812 7.220100 92.369293 
22 45.774864 1.519389 5.430530 104.254885 
23 58.715994 1.816965 4.869262 104.088870 
24 331.467295 2.574573 3.084141 97.302053 
25 52.096568 1.689304 5.157687 101.812476 
26 523.777077 2.514783 2.789668 100.227960 
27 602.883593 2.700710 2.962057 86.230381 
28 1065.161430 2.695876 2.851163 103.695683 
29 472.222523 2.442810 2.720847 89.527987 
30 470.279114 2.512402 2.820322 90.060815 
31 220.058957 2.341470 2.956754 97.869468 
32 63.422680 1.849977 4.460373 93.024965 
33 497.569813 2.568548 2.869294 94.781796 
34 197.863823 2.351627 3.101284 102.053577 
35 87.469508 2.110795 3.929756 106.568328 
36 66.903225 1.778809 3.780765 94.120414 
37 59.609630 1.869607 4.823084 99.376782 
38 435.007495 2.479366 2.800371 93.716985 
39 482.479360 2.753297 3.101555 98.395969 
40 38.962519 1.502744 5.954187 100.499979 
41 37.154257 1.499736 6.903103 89.931341 
42 426.439214 2.463089 2.776475 98.848368 
43 77.778754 1.925004 3.906377 102.111020 
44 473.903218 2.430076 2.697728 97.023080 
45 124.472747 2.228763 3.499390 113.398414 
46 45.478119 1.611191 5.216181 90.014426 
47 1065.119519 2.600402 2.740641 88.729402 
48 74.369446 1.977504 4.185149 78.601207 
49 423.986126 2.434449 2.738522 105.204826 
50 59.865601 1.763310 4.225645 104.770826 
